50 31 25 24 26 32 22 24 22 29 32 32 20 18 24 21 16 27 33 38 18 34 24 20 67 34 35 46 22 35 43 55 33 20 31 29 43 36 30 23 23 57 38 34 34 28 34 31 22 33 26
40 22 25 22 31 23 30 29 32 35 29 10 51 22 31 27 36 16 27 25 26 37 31 33 18 40 37 21 43 46 38 18 35 23 35 35 38 29 31 43 38
27 17 16 17 35 26 30 38 36 24 20 47 8 59 57 33 34 16 30 37 27 24 33 44 23 55 46 34
36 54 34 51 49 31 27 89 26 23 36 35 16 34 45 41 50 28 32 22 29 35 41 30 25 19 65 23 31 40 17 54 42 56 29 34 13
34 46 37 29 49 33 25 26 20 29 22 32 32 19 29 23 22 20 22 21 20 23 30 26 22 19 19 26 69 29 20 30 52 29 12
24 18 24 17 24 16 27 26 35 27 43 23 24 33 15 63 10 18 28 51 9 45 34 16 36
21 36 23 31 24 31 40 25 35 57 18 40 15 25 20 20 31 13 31 30 48 25
4 22 23 18 22
31 28 36 21 22 12 21 17 22 27 27 15 25 23 52 35 23 58 30 24 43 16 23 29 23 44 25 12 25 11 31 13
24 27 32 39 12 25 23 29 18 13 19 27 31 39 33 37 23 29 33 44 26 22 51 39 25
22 53 46 28 34 32 38 51 66 28 29 43 33 34 31 34 34 24 46 21 43 29 54
25 18 25 27 44 27 33 20 29 37 36 21 22 25 29 38 20 41 37 37 21 26 20 37 20 30
29 54 55 24 43 41 81 40 40 44 14 47 41 14 17 29 43 27 17 19 8 30 19 32 31 31 32 34 21 30
36 18 18 17 22 14 42 22 18 31 19 23 16 23 15 19 14 19 34 11 37 20 12 21 27 28 23 9 27 36 27 21 33 25 33 27 23
10 11 70 13 24 17 22 28 36 15 44
13 11 20 38 23 19 19 73 18 38 40 36 47 31
9 58 31 24 63 73 34 15 97 56
14 22 14 17 21 23 19 17 21 6 14 19 22 18 15
16 16 28 15 17 29 21 32 36 19 23 23 20 31 19 15 31
10 22 23 15 17 14 14 10 17 32 4
42 22 13 26 21 27 30 21 22 35 22 20 25 28 22 35 22 16 21 29 29 34 30 17 25 6 14 23 28 25 31 40 22 33 37 16 33 24 41 35 32 34 17
151 6 13 9 10 13 11 18 10 39 18 9 9 7 7 11 15 51 51 15 14 32 32 10 22 22 14 14 11 13 25 25 22 23 28 28 40 40 23 18 18 14 12 27 27 18 12 15 21 23 23 21 11 9 24 24 14 12 18 18 14 13 13 12 14 20 20 36 37 37 24 24 28 28 23 13 21 72 72 20 20 17 19 19 14 17 17 19 53 53 17 16 16 23 23 13 13 12 9 9 8 29 29 35 45 48 48 43 31 31 10 10 10 26 9 19 19 29 176 176 8 9 9 8 8 6 6 6 8 8 8 18 18 3 21 26 26 9 24 24 14 10 12 15 21 21 11 20 14 9 6 7
31 33 22 35 29 23 35 27 36 18 32 31 28 26 35 33 33 28 25 29 30 31 29 35 34 28 28 27 28 27 33 31
12 18 26 22 17 20 12 30 17 18 20 10 14
8 17 17 11 16 16 13 14 14
19 16 24 19 20 24 27 30 21 19 21 27 28 19 31 19 29 20 25 22
51 30 18 31 35 18 37 39 22 23 34 34 18 32 27 20 31 31 33 28 31 31 31 37 37 29 27 33 30 31 27 37 25 33 26 24 29 34 39 42 32 29 26 36 27 31 23 31 28 18 31 38
66 31 22 26 6 30 13 25 23 21 34 16 6 22 32 9 14 14 7 25 6 17 25 18 23 12 21 13 29 24 33 9 20 24 17 10 22 38 22 8 31 29 25 28 28 25 13 15 22 26 11 23 15 12 17 13 12 21 14 21 22 11 12 19 12 25 24
52 19 37 25 31 31 30 34 23 26 25 23 17 27 22 21 21 27 23 15 18 14 30 40 10 38 24 22 17 32 24 40 44 26 22 19 32 21 28 18 16 18 22 13 30 5 28 7 47 39 46 64 34
5 22 22 66 22 22
1 72
5 22 35 38 37 9
48 28 10 27 17 17 14 27 18 11 22 25 28 23 23 8 63 24 32 14 49 37 31 49 27 17 21 36 26 21 26 18 32 33 31 15 38 28 23 29 49 26 20 27 31 25 24 23 35
14 21 49 100 37 31 29 28 27 27 21 45 13 64 42
14 11 25 5 19 15 11 16 14 17 15 12 15 16 10
4 20 32 21 21
9 15 16 15 13 27 14 17 14 15
1 21
4 17 11 10 11
7 16 13 12 14 15 16 20
3 15 14 19
3 17 20 19
3 18 15 20
2 15 24
14 21 17 10 14 11 15 14 23 17 12 17 14 9 21
4 14 17 24 6
16 64 70 60 61 68 63 50 32 73 89 74 53 53 49 41 24
15 36 33 40 50 27 31 42 36 29 38 38 45 26 46 39
7 29 33 30 21 51 41 23
16 40 48 36 52 56 59 139 63 47 60 46 51 58 48 63 78
28 25 23 17 25 48 34 29 34 38 42 30 50 58 36 39 28 27 35 30 34 46 46 39 51 46 75 66 20
16 45 28 35 41 43 56 37 38 50 52 33 44 37 72 47 20
24 80 52 38 44 39 49 50 56 62 42 54 59 35 35 32 31 37 43 48 47 38 71 56 53
21 51 25 36 54 47 71 53 59 41 42 57 50 38 31 27 33 26 40 42 31 25
28 26 47 26 37 42 15 60 40 43 48 30 25 52 28 41 40 34 28 41 38 40 30 35 27 27 32 44 31
5 27 26 18 17 20
5 25 25 22 19 14
3 21 22 18
5 10 29 24 21 21
1 13
1 15
1 25
16 32 29 31 25 21 23 25 39 33 21 36 21 14 26 33 27
16 31 16 23 21 13 20 40 13 27 33 34 31 13 40 58 24
13 24 17 18 18 21 18 16 24 15 18 33 21 14
6 24 21 29 31 26 18
6 23 22 21 32 33 24
4 30 30 21 23
4 29 23 25 18
5 10 20 13 18 28
3 12 17 18
6 20 15 16 16 25 21
4 18 26 17 22
3 16 15 15
1 25
13 14 18 19 16 14 20 28 13 28 39 40 29 25
22 20 29 22 11 14 17 17 13 21 11 19 18 18 20 8 21 18 24 21 15 27 21
1 15
1 20
0
10 39 23 22 41 22 14 10 38 30 14
1 64
1 42